#faces
0 0 2 5 38 35 base
0 1 3 36 39 6 roof
0 2 2 3 6 5 outwall
0 3 5 6 39 38 outwall window 0.5 0.4 0.5
0 4 38 39 36 35 outwall
0 5 35 36 3 2 outwall


#frame
1 -7.78 0 -6.14
2 -7.78 3 -6.14
3 -7.78 6 -6.14
4 -7.78 0 -1.66
5 -7.78 3 -1.66
6 -7.78 6 -1.66
7 -7.78 0 1.66
8 -7.78 3 1.66
9 -7.78 6 1.66
10 -7.78 0 6.14
11 -7.78 3 6.14
12 -7.78 6 6.14
13 -2.22 0 6.14
14 -2.22 3 6.14
15 -2.22 6 6.14
16 2.22 0 6.14
17 2.22 3 6.14
18 2.22 6 6.14
19 7.78 0 6.14
20 7.78 3 6.14
21 7.78 6 6.14
22 7.78 0 1.66
23 7.78 3 1.66
24 7.78 6 1.66
25 7.78 0 -1.66
26 7.78 3 -1.66
27 7.78 6 -1.66
28 7.78 0 -6.14
29 7.78 3 -6.14
30 7.78 6 -6.14
31 2.22 0 -6.14
32 2.22 3 -6.14
33 2.22 6 -6.14
34 -2.22 0 -6.14
35 -2.22 3 -6.14
36 -2.22 6 -6.14
37 -2.22 0 -1.66
38 -2.22 3 -1.66
39 -2.22 6 -1.66
40 2.22 0 -1.66
41 2.22 3 -1.66
42 2.22 6 -1.66
43 -2.22 0 1.66
44 -2.22 3 1.66
45 -2.22 6 1.66
46 2.22 0 1.7
47 2.22 3 1.7
48 2.22 6 1.7
49 -7.78 3 -4.02
50 -7.78 6 -4.02
51 -4.86 3 -1.66
52 -4.86 6 -1.66
53 -2.22 3 -4.02
54 -2.22 6 -4.02
55 -4.86 3 -6.14
56 -4.86 6 -6.14
57 -4.86 3 -4.02
58 -4.86 6 -4.02
#frame.nodes.aux
57 -4.86 3 -4.02 0 0 0
58 -4.86 6 -4.02 0 0 0


#frame
1 -7.78 0 -6.14
2 -7.78953 2.99853 -6.14067
3 -7.80311 5.99792 -6.1415
4 -7.78 0 -1.66
5 -7.78896 2.9985 -1.66084
6 -7.8022 5.99783 -1.6618
7 -7.78 0 1.66
8 -7.78814 2.99846 1.65905
9 -7.80022 5.99777 1.65788
10 -7.78 0 6.14
11 -7.78701 2.99853 6.13901
12 -7.79639 5.99786 6.13762
13 -2.22 0 6.14
14 -2.22736 2.99977 6.13998
15 -2.23631 5.99971 6.14
16 2.22 0 6.14
17 2.21252 3.00045 6.14047
18 2.20349 6.00064 6.14118
19 7.78 0 6.14
20 7.77271 3.00127 6.14077
21 7.76314 6.00182 6.14177
22 7.78 0 1.66
23 7.771 3.00156 1.66071
24 7.75836 6.00225 1.66153
25 7.78 0 -1.66
26 7.77034 3.00161 -1.6594
27 7.75654 6.00236 -1.65871
28 7.78 0 -6.14
29 7.77014 3.00161 -6.13951
30 7.75647 6.00236 -6.1389
31 2.22 0 -6.14
32 2.20985 3.00028 -6.1396
33 2.19681 6.00037 -6.13907
34 -2.22 0 -6.14
35 -2.22996 2.9997 -6.14005
36 -2.24307 5.99962 -6.14023
37 -2.22 0 -1.66
38 -2.2294 2.99969 -1.66002
39 -2.24207 5.99965 -1.66011
40 2.22 0 -1.66
41 2.21026 3.00039 -1.65954
42 2.19749 6.00054 -1.65894
43 -2.22 0 1.66
44 -2.22869 2.99966 1.66
45 -2.24011 5.99957 1.65996
46 2.22 0 1.7
47 2.21103 3.00046 1.70049
48 2.19942 6.00064 1.70112
49 -7.78936 2.99833 -4.02076
50 -7.80304 5.99768 -4.02162
51 -4.86916 2.99938 -1.66038
52 -4.88238 5.99957 -1.66092
53 -2.22961 2.99977 -4.02003
54 -2.24294 5.99973 -4.02021
55 -4.86974 2.99942 -6.14041
56 -4.88341 5.99951 -6.14091
57 -4.86947 2.99933 -4.02039
58 -4.88308 5.99944 -4.02091
#frame.nodes.aux
57 -4.86947 2.99933 -4.02039 6.67819e-006 -0.000132648 -0.00033371
58 -4.88308 5.99944 -4.02091 1.96543e-005 -0.000242552 -1.96685e-005


#frame
1 -7.78 0 -6.14
2 -7.78538 2.99912 -6.1402
3 -7.79357 5.99878 -6.14043
4 -7.78 0 -1.66
5 -7.78504 2.99905 -1.66016
6 -7.79298 5.9987 -1.66043
7 -7.78 0 1.66
8 -7.78491 2.999 1.65987
9 -7.7922 5.99853 1.65963
10 -7.78 0 6.14
11 -7.78489 2.99912 6.1399
12 -7.79125 5.99871 6.1397
13 -2.22 0 6.14
14 -2.22521 2.99988 6.13999
15 -2.23138 5.99987 6.13989
16 2.22 0 6.14
17 2.21453 3.00034 6.13997
18 2.20819 6.0005 6.1399
19 7.78 0 6.14
20 7.77443 3.00076 6.13959
21 7.76759 6.0011 6.1389
22 7.78 0 1.66
23 7.77449 3.00121 1.65951
24 7.76641 6.00182 1.65881
25 7.78 0 -1.66
26 7.77461 3.00145 -1.66057
27 7.76622 6.00218 -1.66133
28 7.78 0 -6.14
29 7.7749 3.00136 -6.14063
30 7.76734 6.00203 -6.14149
31 2.22 0 -6.14
32 2.21464 3.00027 -6.13998
33 2.20723 6.00034 -6.14001
34 -2.22 0 -6.14
35 -2.22547 2.99993 -6.13987
36 -2.23316 6.00002 -6.13972
37 -2.22 0 -1.66
38 -2.22532 2.99994 -1.65987
39 -2.23289 6.00008 -1.65982
40 2.22 0 -1.66
41 2.21453 3.00025 -1.66
42 2.20689 6.00032 -1.66001
43 -2.22 0 1.66
44 -2.22527 2.99987 1.66008
45 -2.23227 5.99984 1.66004
46 2.22 0 1.7
47 2.2145 3.00028 1.69997
48 2.20724 6.00039 1.69994
49 -7.78521 2.99892 -4.02019
50 -7.79345 5.99871 -4.02044
51 -4.86515 2.99946 -1.65997
52 -4.87309 6.00027 -1.66005
53 -2.22534 2.99998 -4.01986
54 -2.23327 6.00028 -4.01976
55 -4.86541 2.99967 -6.13999
56 -4.87359 6.00013 -6.13999
57 -4.86527 2.99935 -4.01998
58 -4.87342 6.00043 -4.02002
#frame.nodes.aux
57 -4.86527 2.99935 -4.01998 -6.00164e-005 -5.96713e-005 -0.00010713
58 -4.87342 6.00043 -4.02002 5.27041e-005 -0.000120046 2.15751e-005


#frame
1 -7.78 0 -6.14
2 -7.76218 3.00193 -6.13969
3 -7.74416 6.00271 -6.13915
4 -7.78 0 -1.66
5 -7.7624 3.00189 -1.65943
6 -7.74445 6.00265 -1.65886
7 -7.78 0 1.66
8 -7.76382 3.00184 1.66063
9 -7.74643 6.00252 1.66135
10 -7.78 0 6.14
11 -7.76599 3.0019 6.14063
12 -7.75025 6.00265 6.14149
13 -2.22 0 6.14
14 -2.20559 3.00043 6.14008
15 -2.1908 6.00054 6.14023
16 2.22 0 6.14
17 2.23444 2.99963 6.13984
18 2.24907 5.99954 6.13975
19 7.78 0 6.14
20 7.79406 2.99876 6.13983
21 7.80937 5.99836 6.13963
22 7.78 0 1.66
23 7.79576 2.99882 1.6599
24 7.81273 5.99851 1.65987
25 7.78 0 -1.66
26 7.79658 2.99868 -1.65999
27 7.81431 5.99829 -1.65982
28 7.78 0 -6.14
29 7.7968 2.99832 -6.13989
30 7.81478 5.99774 -6.13953
31 2.22 0 -6.14
32 2.23744 2.99955 -6.13982
33 2.25461 5.99943 -6.13955
34 -2.22 0 -6.14
35 -2.20213 3.00055 -6.13973
36 -2.18476 6.00092 -6.13932
37 -2.22 0 -1.66
38 -2.20239 3.00056 -1.6598
39 -2.1852 6.00092 -1.65955
40 2.22 0 -1.66
41 2.23717 2.99957 -1.65998
42 2.25413 5.99944 -1.65988
43 -2.22 0 1.66
44 -2.20363 3.00055 1.66017
45 -2.18724 6.00072 1.66037
46 2.22 0 1.7
47 2.23624 2.99958 1.69991
48 2.25245 5.99948 1.6999
49 -7.76187 3.00205 -4.01957
50 -7.74386 6.0029 -4.01903
51 -4.84209 3.00017 -1.65966
52 -4.8244 6.00167 -1.65919
53 -2.20192 3.00035 -4.01976
54 -2.18434 6.00104 -4.01941
55 -4.84186 3.00019 -6.13967
56 -4.82405 6.00177 -6.13924
57 -4.84181 3.00008 -4.01967
58 -4.82398 6.00219 -4.01921
#frame.nodes.aux
57 -4.84181 3.00008 -4.01967 -2.54767e-005 4.53338e-005 0.000617715
58 -4.82398 6.00219 -4.01921 -1.28001e-005 7.71446e-005 0.000118525


#frame
1 -7.78 0 -6.14
2 -7.7927 2.99824 -6.14034
3 -7.80806 5.99758 -6.14074
4 -7.78 0 -1.66
5 -7.79245 2.99826 -1.66048
6 -7.80763 5.99759 -1.66091
7 -7.78 0 1.66
8 -7.79164 2.99846 1.65949
9 -7.80583 5.99784 1.65899
10 -7.78 0 6.14
11 -7.79056 2.9986 6.13951
12 -7.80307 5.99805 6.1389
13 -2.22 0 6.14
14 -2.23084 2.99946 6.13973
15 -2.24278 5.99925 6.13924
16 2.22 0 6.14
17 2.20923 3.00019 6.13983
18 2.19723 6.00019 6.1394
19 7.78 0 6.14
20 7.76962 3.00168 6.14044
21 7.75696 6.00241 6.1409
22 7.78 0 1.66
23 7.76852 3.00204 1.66044
24 7.75416 6.00296 1.66094
25 7.78 0 -1.66
26 7.76785 3.00197 -1.65959
27 7.75282 6.00286 -1.65902
28 7.78 0 -6.14
29 7.76724 3.00157 -6.13962
30 7.75214 6.0022 -6.13898
31 2.22 0 -6.14
32 2.20696 3.00059 -6.14017
33 2.19257 6.00079 -6.14033
34 -2.22 0 -6.14
35 -2.23304 2.99992 -6.14024
36 -2.24763 6.00006 -6.14052
37 -2.22 0 -1.66
38 -2.23267 2.9998 -1.66018
39 -2.24713 5.99987 -1.66053
40 2.22 0 -1.66
41 2.20747 3.00071 -1.66015
42 2.19319 6.001 -1.66035
43 -2.22 0 1.66
44 -2.23193 2.99958 1.65977
45 -2.24544 5.99945 1.65935
46 2.22 0 1.7
47 2.20814 3.00056 1.69985
48 2.19457 6.00077 1.69954
49 -7.79281 2.99799 -4.02041
50 -7.80824 5.99741 -4.02082
51 -4.8727 2.99935 -1.6603
52 -4.88776 5.99967 -1.66067
53 -2.23296 2.99996 -4.0202
54 -2.24789 6.00023 -4.0205
55 -4.87298 2.99941 -6.14033
56 -4.88818 5.99988 -6.14062
57 -4.87292 2.99904 -4.02032
58 -4.88816 5.99991 -4.02065
#frame.nodes.aux
57 -4.87292 2.99904 -4.02032 -2.00228e-005 -5.3356e-005 -0.000275127
58 -4.88816 5.99991 -4.02065 -3.43426e-005 -8.00451e-005 6.02545e-005


#frame
1 -7.78 0 -6.14
2 -7.77996 2.99981 -6.1398
3 -7.78068 5.99975 -6.13951
4 -7.78 0 -1.66
5 -7.77977 2.9998 -1.65975
6 -7.7804 5.99973 -1.65946
7 -7.78 0 1.66
8 -7.7797 2.99985 1.6603
9 -7.78012 5.99974 1.66064
10 -7.78 0 6.14
11 -7.77989 2.99992 6.14034
12 -7.78016 5.99985 6.14075
13 -2.22 0 6.14
14 -2.21991 2.99983 6.14022
15 -2.22023 5.99973 6.14039
16 2.22 0 6.14
17 2.22008 2.99985 6.13994
18 2.21971 5.99976 6.13967
19 7.78 0 6.14
20 7.78009 3 6.13979
21 7.77967 6.00001 6.13937
22 7.78 0 1.66
23 7.78031 3.0003 1.65982
24 7.77985 6.00049 1.65951
25 7.78 0 -1.66
26 7.78019 3.00038 -1.66015
27 7.77962 6.0006 -1.66036
28 7.78 0 -6.14
29 7.77979 3.00024 -6.14013
30 7.77902 6.00036 -6.14028
31 2.22 0 -6.14
32 2.21989 3.00016 -6.14009
33 2.2192 6.00024 -6.14015
34 -2.22 0 -6.14
35 -2.21999 2.99992 -6.13972
36 -2.22068 5.99994 -6.1394
37 -2.22 0 -1.66
38 -2.21979 2.99998 -1.65973
39 -2.22041 6.00003 -1.65947
40 2.22 0 -1.66
41 2.22021 3.00033 -1.66008
42 2.21963 6.00051 -1.6602
43 -2.22 0 1.66
44 -2.21971 2.99999 1.66025
45 -2.22016 5.99997 1.66044
46 2.22 0 1.7
47 2.22029 3.00022 1.69994
48 2.21983 6.00034 1.69973
49 -7.77984 2.99977 -4.01978
50 -7.78058 5.99975 -4.01949
51 -4.85977 2.99973 -1.65971
52 -4.86045 6 -1.6594
53 -2.21988 2.99994 -4.01969
54 -2.22059 6.00004 -4.01938
55 -4.85994 2.99969 -6.13972
56 -4.86069 6.00001 -6.13938
57 -4.85984 2.99955 -4.01972
58 -4.86059 6.00009 -4.0194
#frame.nodes.aux
57 -4.85984 2.99955 -4.01972 -1.12071e-005 -2.69922e-005 4.05233e-005
58 -4.86059 6.00009 -4.0194 -4.37882e-006 -3.57157e-005 1.02337e-005


#frame
1 -7.78 0 -6.14
2 -7.76749 3.00149 -6.14001
3 -7.75426 6.00205 -6.14004
4 -7.78 0 -1.66
5 -7.76744 3.00135 -1.65982
6 -7.75415 6.00183 -1.65976
7 -7.78 0 1.66
8 -7.76832 3.00116 1.66028
9 -7.75559 6.00156 1.66048
10 -7.78 0 6.14
11 -7.76996 3.00105 6.14033
12 -7.75879 6.00141 6.14066
13 -2.22 0 6.14
14 -2.20969 3.00013 6.14011
15 -2.19911 6.00011 6.14013
16 2.22 0 6.14
17 2.2303 2.99962 6.13992
18 2.24087 5.99949 6.1397
19 7.78 0 6.14
20 7.78998 2.99882 6.13978
21 7.80114 5.99837 6.13946
22 7.78 0 1.66
23 7.79145 2.99878 1.65985
24 7.80422 5.99833 1.65964
25 7.78 0 -1.66
26 7.79199 2.99879 -1.66004
27 7.80529 5.99837 -1.66013
28 7.78 0 -6.14
29 7.7918 2.99881 -6.13995
30 7.80484 5.99839 -6.13991
31 2.22 0 -6.14
32 2.23231 2.99975 -6.13996
33 2.24474 5.99971 -6.13991
34 -2.22 0 -6.14
35 -2.20737 3.00024 -6.13986
36 -2.19477 6.00031 -6.1398
37 -2.22 0 -1.66
38 -2.20732 3.00025 -1.65992
39 -2.19466 6.00033 -1.65987
40 2.22 0 -1.66
41 2.23243 2.99984 -1.66002
42 2.24499 5.99986 -1.66008
43 -2.22 0 1.66
44 -2.20808 3.00029 1.66011
45 -2.19606 6.00035 1.66014
46 2.22 0 1.7
47 2.23183 2.9998 1.69994
48 2.24386 5.9998 1.6998
49 -7.76718 3.00155 -4.01993
50 -7.75388 6.00206 -4.01994
51 -4.84718 3.00017 -1.65989
52 -4.8341 6.00049 -1.65985
53 -2.20715 3.00011 -4.01987
54 -2.19426 6.00022 -4.01982
55 -4.84723 3.00029 -6.13989
56 -4.83421 6.00065 -6.13992
57 -4.8471 3.0003 -4.01989
58 -4.83399 6.00066 -4.01989
#frame.nodes.aux
57 -4.8471 3.0003 -4.01989 -2.96512e-005 -8.6715e-006 0.000373944
58 -4.83399 6.00066 -4.01989 -3.31612e-005 -1.93491e-005 1.70951e-005


#frame
1 -7.78 0 -6.14
2 -7.79323 2.99825 -6.14023
3 -7.80855 5.99753 -6.14065
4 -7.78 0 -1.66
5 -7.79298 2.99819 -1.66037
6 -7.80808 5.99741 -1.66077
7 -7.78 0 1.66
8 -7.79227 2.99829 1.65961
9 -7.80674 5.99759 1.65918
10 -7.78 0 6.14
11 -7.79139 2.9984 6.13962
12 -7.8047 5.99775 6.13914
13 -2.22 0 6.14
14 -2.2317 2.99947 6.13988
15 -2.24435 5.99927 6.13965
16 2.22 0 6.14
17 2.20831 3.00036 6.14004
18 2.19567 6.00046 6.14
19 7.78 0 6.14
20 7.76864 3.00151 6.14031
21 7.75535 6.00212 6.14068
22 7.78 0 1.66
23 7.76778 3.00162 1.6603
24 7.75336 6.00228 1.66064
25 7.78 0 -1.66
26 7.76735 3.00163 -1.65973
27 7.75242 6.0023 -1.65942
28 7.78 0 -6.14
29 7.76716 3.00162 -6.13977
30 7.75209 6.00227 -6.13947
31 2.22 0 -6.14
32 2.20675 3.00059 -6.13995
33 2.19233 6.00081 -6.13992
34 -2.22 0 -6.14
35 -2.2334 2.99979 -6.14005
36 -2.24807 5.99973 -6.1402
37 -2.22 0 -1.66
38 -2.23314 2.99967 -1.66003
39 -2.24761 5.99953 -1.66018
40 2.22 0 -1.66
41 2.20698 3.0006 -1.65993
42 2.19273 6.00083 -1.6599
43 -2.22 0 1.66
44 -2.23257 2.99953 1.65991
45 -2.2463 5.99936 1.65972
46 2.22 0 1.7
47 2.20745 3.00052 1.70006
48 2.19374 6.00071 1.70006
49 -7.79333 2.99803 -4.0203
50 -7.80867 5.99723 -4.02071
51 -4.8732 2.99952 -1.66015
52 -4.88819 5.9989 -1.66044
53 -2.2334 2.99991 -4.02003
54 -2.24832 5.99973 -4.02018
55 -4.87346 2.99967 -6.14015
56 -4.88866 5.99919 -6.14039
57 -4.87341 2.99958 -4.02015
58 -4.8886 5.99886 -4.02042
#frame.nodes.aux
57 -4.87341 2.99958 -4.02015 -3.06919e-005 -5.43026e-005 -0.000346559
58 -4.8886 5.99886 -4.02042 -7.04986e-005 -0.000103977 3.79146e-005


#frame
1 -7.78 0 -6.14
2 -7.77533 3.00046 -6.1399
3 -7.77055 6.00061 -6.13981
4 -7.78 0 -1.66
5 -7.77523 3.00042 -1.65988
6 -7.77028 6.00052 -1.65974
7 -7.78 0 1.66
8 -7.77529 3.00049 1.66012
9 -7.77017 6.00066 1.66029
10 -7.78 0 6.14
11 -7.77543 3.00057 6.14013
12 -7.77025 6.0008 6.14032
13 -2.22 0 6.14
14 -2.21528 3.00011 6.14005
15 -2.21038 6.00012 6.14006
16 2.22 0 6.14
17 2.22475 2.99983 6.13996
18 2.22967 5.99977 6.13986
19 7.78 0 6.14
20 7.78466 2.99947 6.13997
21 7.78988 5.99926 6.13992
22 7.78 0 1.66
23 7.78468 2.99951 1.65998
24 7.78979 5.99934 1.65994
25 7.78 0 -1.66
26 7.78459 2.99953 -1.66002
27 7.78957 5.99937 -1.66004
28 7.78 0 -6.14
29 7.78437 2.99952 -6.14002
30 7.78919 5.99934 -6.14004
31 2.22 0 -6.14
32 2.22457 3.00001 -6.13998
33 2.22917 6.00006 -6.13998
34 -2.22 0 -6.14
35 -2.21528 3.00023 -6.13982
36 -2.21067 6.00033 -6.13966
37 -2.22 0 -1.66
38 -2.21516 3.00016 -1.65987
39 -2.21047 6.00019 -1.65976
40 2.22 0 -1.66
41 2.22475 2.99997 -1.66
42 2.22946 6.00001 -1.66005
43 -2.22 0 1.66
44 -2.21519 3.00016 1.66008
45 -2.21038 6.0002 1.66014
46 2.22 0 1.7
47 2.2248 2.99991 1.69998
48 2.22962 5.99989 1.6999
49 -7.77519 3.00049 -4.01989
50 -7.77034 6.00052 -4.01978
51 -4.85513 3.00012 -1.65986
52 -4.85031 6 -1.6597
53 -2.21516 3.00019 -4.01983
54 -2.21046 6.00026 -4.01968
55 -4.85523 3.00022 -6.13984
56 -4.8505 6.00031 -6.13969
57 -4.85515 3.00025 -4.01985
58 -4.85036 6.00013 -4.0197
#frame.nodes.aux
57 -4.85515 3.00025 -4.01985 -2.74465e-005 -1.61779e-005 0.000187371
58 -4.85036 6.00013 -4.0197 -8.306e-005 -3.184e-005 9.62031e-005


#frame
1 -7.78 0 -6.14
2 -7.77229 3.00086 -6.13954
3 -7.76405 6.00118 -6.13901
4 -7.78 0 -1.66
5 -7.77275 3.00075 -1.65945
6 -7.76497 6.00101 -1.65889
7 -7.78 0 1.66
8 -7.77356 3.00074 1.66056
9 -7.76642 6.00101 1.66118
10 -7.78 0 6.14
11 -7.77465 3.00075 6.14054
12 -7.76856 6.00105 6.14124
13 -2.22 0 6.14
14 -2.21449 3.00019 6.14003
15 -2.20869 6.00024 6.14003
16 2.22 0 6.14
17 2.22553 2.99976 6.13977
18 2.23134 5.99968 6.13944
19 7.78 0 6.14
20 7.78538 2.99927 6.13956
21 7.79149 5.99899 6.13898
22 7.78 0 1.66
23 7.78632 2.99926 1.65955
24 7.79344 5.99898 1.65903
25 7.78 0 -1.66
26 7.78691 2.99927 -1.66042
27 7.79466 5.999 -1.66091
28 7.78 0 -6.14
29 7.78738 2.99924 -6.14038
30 7.7957 5.99895 -6.14087
31 2.22 0 -6.14
32 2.22764 2.99992 -6.14018
33 2.23553 5.99994 -6.14044
34 -2.22 0 -6.14
35 -2.21222 3.00036 -6.13996
36 -2.20428 6.00052 -6.13998
37 -2.22 0 -1.66
38 -2.21269 3.00024 -1.65999
39 -2.20527 6.00032 -1.66001
40 2.22 0 -1.66
41 2.22715 2.99988 -1.66021
42 2.23451 5.99986 -1.6605
43 -2.22 0 1.66
44 -2.21344 3.00023 1.66002
45 -2.20667 6.0003 1.66002
46 2.22 0 1.7
47 2.22652 2.99982 1.69977
48 2.23327 5.99978 1.69947
49 -7.77234 3.00092 -4.01949
50 -7.76427 6.00117 -4.01895
51 -4.8526 3.00019 -1.65975
52 -4.84492 6.00032 -1.65949
53 -2.21232 3.00025 -4.01998
54 -2.20447 6.00041 -4.02001
55 -4.85214 3.00035 -6.13974
56 -4.84398 6.00067 -6.13952
57 -4.8523 3.00037 -4.01974
58 -4.84432 6.00055 -4.0195
#frame.nodes.aux
57 -4.8523 3.00037 -4.01974 -4.81546e-005 9.60398e-005 0.000266292
58 -4.84432 6.00055 -4.0195 -8.81096e-005 0.000203556 9.005e-005


#frame
1 -7.78 0 -6.14
2 -7.79275 2.99859 -6.14067
3 -7.80708 5.99806 -6.14163
4 -7.78 0 -1.66
5 -7.79226 2.99846 -1.66083
6 -7.80608 5.99784 -1.66176
7 -7.78 0 1.66
8 -7.79124 2.99846 1.65913
9 -7.80427 5.99785 1.65815
10 -7.78 0 6.14
11 -7.78975 2.99859 6.13913
12 -7.80115 5.99802 6.13807
13 -2.22 0 6.14
14 -2.23008 2.99969 6.13993
15 -2.24092 5.99961 6.13986
16 2.22 0 6.14
17 2.20986 3.00043 6.14046
18 2.19899 6.00057 6.14102
19 7.78 0 6.14
20 7.77009 3.00141 6.14086
21 7.75859 6.00198 6.14196
22 7.78 0 1.66
23 7.7688 3.00147 1.66085
24 7.75584 6.00205 1.66186
25 7.78 0 -1.66
26 7.76817 3.00139 -1.6592
27 7.75455 6.00196 -1.65825
28 7.78 0 -6.14
29 7.76791 3.0013 -6.13927
30 7.75403 6.00181 -6.1383
31 2.22 0 -6.14
32 2.2074 3.00041 -6.13962
33 2.19406 6.00054 -6.13915
34 -2.22 0 -6.14
35 -2.23289 2.99989 -6.14016
36 -2.24652 5.9999 -6.14039
37 -2.22 0 -1.66
38 -2.23239 2.99974 -1.66009
39 -2.24556 5.99967 -1.66028
40 2.22 0 -1.66
41 2.2078 3.00044 -1.65956
42 2.19482 6.00059 -1.65907
43 -2.22 0 1.66
44 -2.23151 2.99964 1.65992
45 -2.24381 5.99953 1.65979
46 2.22 0 1.7
47 2.20851 3.00046 1.70046
48 2.19624 6.00061 1.70097
49 -7.79276 2.99834 -4.02075
50 -7.80692 5.99778 -4.0217
51 -4.87248 2.99963 -1.66043
52 -4.88612 5.9993 -1.66102
53 -2.23281 2.99996 -4.02013
54 -2.24653 5.99991 -4.02037
55 -4.87299 2.99986 -6.14044
56 -4.88715 5.9997 -6.141
57 -4.87283 2.99969 -4.02044
58 -4.88683 5.99943 -4.02101
#frame.nodes.aux
57 -4.87283 2.99969 -4.02044 -4.03767e-005 -0.000114529 -0.000354213
58 -4.88683 5.99943 -4.02101 -8.35311e-005 -0.000238889 -5.26897e-006


#frame
1 -7.78 0 -6.14
2 -7.77196 3.0009 -6.1396
3 -7.76317 6.00125 -6.1391
4 -7.78 0 -1.66
5 -7.7723 3.00085 -1.65953
6 -7.7638 6.00118 -1.65903
7 -7.78 0 1.66
8 -7.77292 3.00085 1.66046
9 -7.76488 6.00117 1.66098
10 -7.78 0 6.14
11 -7.77363 3.00085 6.14044
12 -7.76633 6.00118 6.141
13 -2.22 0 6.14
14 -2.21347 3.00024 6.14012
15 -2.20656 6.00032 6.14029
16 2.22 0 6.14
17 2.2265 2.99976 6.13977
18 2.23339 5.99969 6.13945
19 7.78 0 6.14
20 7.78631 2.99904 6.13917
21 7.79357 5.99866 6.13806
22 7.78 0 1.66
23 7.78704 2.99909 1.65914
24 7.7951 5.99874 1.65811
25 7.78 0 -1.66
26 7.78746 2.99921 -1.66085
27 7.79598 5.9989 -1.66187
28 7.78 0 -6.14
29 7.78781 2.99929 -6.14082
30 7.7967 5.99902 -6.1419
31 2.22 0 -6.14
32 2.22806 2.99988 -6.14026
33 2.23648 5.99987 -6.14062
34 -2.22 0 -6.14
35 -2.21185 3.00022 -6.1399
36 -2.20338 6.00032 -6.13981
37 -2.22 0 -1.66
38 -2.2122 3.00016 -1.65992
39 -2.20409 6.00021 -1.65982
40 2.22 0 -1.66
41 2.22769 2.99984 -1.66027
42 2.23574 5.9998 -1.66062
43 -2.22 0 1.66
44 -2.21275 3.00021 1.6601
45 -2.20515 6.00026 1.66023
46 2.22 0 1.7
47 2.22722 2.99978 1.69974
48 2.23483 5.99973 1.69942
49 -7.77196 3.00098 -4.01956
50 -7.76327 6.00131 -4.01906
51 -4.85213 3.00012 -1.65974
52 -4.84375 6.00031 -1.65943
53 -2.21191 3.0001 -4.01991
54 -2.20346 6.00022 -4.01982
55 -4.8518 3.00019 -6.13973
56 -4.84308 6.00052 -6.13945
57 -4.85191 3.00017 -4.01973
58 -4.84331 6.00049 -4.01944
#frame.nodes.aux
57 -4.85191 3.00017 -4.01973 -2.8657e-005 7.06157e-005 0.000248975
58 -4.84331 6.00049 -4.01944 -5.39389e-005 0.000146862 4.16508e-005


#frame
1 -7.78 0 -6.14
2 -7.77697 3.0003 -6.13983
3 -7.77375 6.00042 -6.13963
4 -7.78 0 -1.66
5 -7.77713 3.00027 -1.65981
6 -7.77402 6.00036 -1.65961
7 -7.78 0 1.66
8 -7.77738 3.00029 1.66018
9 -7.77443 6.00039 1.66038
10 -7.78 0 6.14
11 -7.77754 3.00031 6.14015
12 -7.77477 6.00042 6.14036
13 -2.22 0 6.14
14 -2.21744 3.00011 6.1401
15 -2.2148 6.00014 6.14028
16 2.22 0 6.14
17 2.22259 3.00003 6.14018
18 2.22527 6.00007 6.14046
19 7.78 0 6.14
20 7.78253 2.9998 6.14028
21 7.7854 5.99973 6.14067
22 7.78 0 1.66
23 7.78265 2.99972 1.66027
24 7.78566 5.99962 1.66063
25 7.78 0 -1.66
26 7.78275 2.99964 -1.65973
27 7.78588 5.99951 -1.65938
28 7.78 0 -6.14
29 7.78287 2.99959 -6.13974
30 7.7861 5.99942 -6.13937
31 2.22 0 -6.14
32 2.22297 2.99991 -6.13984
33 2.22603 5.99989 -6.13964
34 -2.22 0 -6.14
35 -2.21696 3.00005 -6.13992
36 -2.21388 6.00008 -6.13985
37 -2.22 0 -1.66
38 -2.21709 2.99999 -1.65992
39 -2.21414 5.99998 -1.65983
40 2.22 0 -1.66
41 2.22285 2.99991 -1.65984
42 2.22579 5.9999 -1.65963
43 -2.22 0 1.66
44 -2.21729 3.00004 1.66009
45 -2.2145 6.00004 1.66023
46 2.22 0 1.7
47 2.22272 2.99996 1.70017
48 2.22554 5.99997 1.7004
49 -7.77698 3.00032 -4.01981
50 -7.7738 6.00041 -4.01961
51 -4.85706 2.99995 -1.65988
52 -4.854 5.99998 -1.65975
53 -2.21697 2.99998 -4.01993
54 -2.21389 6 -4.01986
55 -4.85692 3.00001 -6.13988
56 -4.85374 6.00015 -6.13977
57 -4.85697 2.99995 -4.01988
58 -4.85383 6.00008 -4.01975
#frame.nodes.aux
57 -4.85697 2.99995 -4.01988 -2.35156e-005 2.6716e-005 9.29741e-005
58 -4.85383 6.00008 -4.01975 -4.58506e-005 5.22364e-005 1.34937e-005


#frame
1 -7.78 0 -6.14
2 -7.78973 2.99887 -6.14043
3 -7.8005 5.99844 -6.14107
4 -7.78 0 -1.66
5 -7.78963 2.99878 -1.66056
6 -7.80033 5.9983 -1.66118
7 -7.78 0 1.66
8 -7.789 2.99881 1.65941
9 -7.79927 5.99834 1.65875
10 -7.78 0 6.14
11 -7.78804 2.99887 6.13942
12 -7.79731 5.99842 6.13869
13 -2.22 0 6.14
14 -2.22824 2.99968 6.13968
15 -2.23702 5.99959 6.13927
16 2.22 0 6.14
17 2.21177 3.00031 6.13997
18 2.20303 6.00041 6.13993
19 7.78 0 6.14
20 7.772 3.00105 6.14033
21 7.76282 6.00146 6.14075
22 7.78 0 1.66
23 7.77113 3.00109 1.66031
24 7.76099 6.00151 1.66067
25 7.78 0 -1.66
26 7.77077 3.00107 -1.65973
27 7.76023 6.0015 -1.65942
28 7.78 0 -6.14
29 7.77072 3.00106 -6.13977
30 7.76015 6.00147 -6.13949
31 2.22 0 -6.14
32 2.21036 3.00036 -6.14009
33 2.20023 6.00048 -6.14024
34 -2.22 0 -6.14
35 -2.22985 2.99987 -6.14038
36 -2.24014 5.99983 -6.14089
37 -2.22 0 -1.66
38 -2.22971 2.99973 -1.66034
39 -2.23992 5.99962 -1.66078
40 2.22 0 -1.66
41 2.21046 3.00032 -1.66005
42 2.2004 6.00043 -1.66014
43 -2.22 0 1.66
44 -2.22917 2.99965 1.65966
45 -2.23887 5.99953 1.65926
46 2.22 0 1.7
47 2.21089 3.00031 1.69996
48 2.20123 6.0004 1.69991
49 -7.78988 2.99868 -4.02049
50 -7.80067 5.99823 -4.02113
51 -4.8698 2.99964 -1.66044
52 -4.88037 5.9993 -1.66103
53 -2.22991 2.99988 -4.02037
54 -2.24039 5.99977 -4.02087
55 -4.86992 2.9998 -6.14045
56 -4.88057 5.99957 -6.14102
57 -4.86993 2.99964 -4.02045
58 -4.8806 5.99934 -4.02102
#frame.nodes.aux
57 -4.86993 2.99964 -4.02045 -2.24335e-005 -2.59456e-005 -0.00028061
58 -4.8806 5.99934 -4.02102 -5.47207e-005 -4.96421e-005 -1.63232e-005


#frame
1 -7.78 0 -6.14
2 -7.772 3.0009 -6.13955
3 -7.76299 6.00124 -6.13895
4 -7.78 0 -1.66
5 -7.77211 3.00091 -1.65946
6 -7.76317 6.00126 -1.65885
7 -7.78 0 1.66
8 -7.77256 3.00094 1.66056
9 -7.76398 6.00129 1.66122
10 -7.78 0 6.14
11 -7.77325 3.00096 6.14056
12 -7.76545 6.00134 6.1413
13 -2.22 0 6.14
14 -2.21307 3.00035 6.14033
15 -2.20566 6.00047 6.1408
16 2.22 0 6.14
17 2.22692 2.99983 6.14006
18 2.23433 5.99979 6.14016
19 7.78 0 6.14
20 7.78672 2.99906 6.13955
21 7.79454 5.99868 6.13898
22 7.78 0 1.66
23 7.78745 2.99903 1.65956
24 7.79611 5.99864 1.65905
25 7.78 0 -1.66
26 7.78775 2.99908 -1.66041
27 7.79675 5.99871 -1.66089
28 7.78 0 -6.14
29 7.78783 2.99914 -6.14037
30 7.79685 5.9988 -6.14087
31 2.22 0 -6.14
32 2.22807 2.99973 -6.13993
33 2.23666 5.99964 -6.13982
34 -2.22 0 -6.14
35 -2.21185 3.00011 -6.13964
36 -2.2032 6.00013 -6.13919
37 -2.22 0 -1.66
38 -2.21198 3.00014 -1.65967
39 -2.20344 6.00018 -1.65924
40 2.22 0 -1.66
41 2.22797 2.99974 -1.65994
42 2.23647 5.99967 -1.65986
43 -2.22 0 1.66
44 -2.21237 3.00027 1.66033
45 -2.20423 6.00035 1.66077
46 2.22 0 1.7
47 2.22763 2.99977 1.70005
48 2.23579 5.99971 1.70014
49 -7.7719 3.00102 -4.01951
50 -7.76287 6.00134 -4.0189
51 -4.85195 3.00018 -1.65957
52 -4.84312 6.0003 -1.65902
53 -2.21184 3.00005 -4.01965
54 -2.20306 6.00009 -4.01919
55 -4.85183 3.00015 -6.13956
56 -4.84289 6.00031 -6.13903
57 -4.85184 3.00022 -4.01957
58 -4.8429 6.00035 -4.01903
#frame.nodes.aux
57 -4.85184 3.00022 -4.01957 -1.02061e-005 2.79419e-005 0.000238485
58 -4.8429 6.00035 -4.01903 -1.59593e-005 5.40311e-005 2.46869e-005


#frame
1 -7.78 0 -6.14
2 -7.78114 2.99994 -6.14025
3 -7.78244 5.99991 -6.14059
4 -7.78 0 -1.66
5 -7.7811 2.99987 -1.66026
6 -7.78235 5.9998 -1.66057
7 -7.78 0 1.66
8 -7.78103 2.99983 1.65975
9 -7.78225 5.99976 1.65945
10 -7.78 0 6.14
11 -7.78095 2.99983 6.13976
12 -7.78208 5.99976 6.13945
13 -2.22 0 6.14
14 -2.22096 2.99997 6.13986
15 -2.222 5.99996 6.13968
16 2.22 0 6.14
17 2.21906 3.00005 6.13997
18 2.21804 6.00007 6.13994
19 7.78 0 6.14
20 7.7791 3.00012 6.14007
21 7.77804 6.00017 6.14017
22 7.78 0 1.66
23 7.77904 3.0001 1.66008
24 7.77794 6.00013 1.66018
25 7.78 0 -1.66
26 7.77898 3.00008 -1.65991
27 7.77782 6.00011 -1.65981
28 7.78 0 -6.14
29 7.77888 3.00008 -6.13991
30 7.77761 6.00011 -6.13979
31 2.22 0 -6.14
32 2.21884 3.00005 -6.14004
33 2.21763 6.00007 -6.14011
34 -2.22 0 -6.14
35 -2.22117 3.00007 -6.14018
36 -2.22241 6.00011 -6.14044
37 -2.22 0 -1.66
38 -2.22109 3.00001 -1.66017
39 -2.22227 6 -1.6604
40 2.22 0 -1.66
41 2.21893 3.00005 -1.66004
42 2.21781 6.00007 -1.66009
43 -2.22 0 1.66
44 -2.22103 2.99997 1.65984
45 -2.22214 5.99997 1.65965
46 2.22 0 1.7
47 2.219 3.00005 1.69997
48 2.21792 6.00007 1.69993
49 -7.78114 2.99988 -4.02026
50 -7.78242 5.99982 -4.02059
51 -4.8611 3.00001 -1.66023
52 -4.86233 5.99992 -1.66053
53 -2.22114 3.00005 -4.02018
54 -2.22238 6.00006 -4.02043
55 -4.86117 3.0001 -6.14023
56 -4.86246 6.00011 -6.14054
57 -4.86114 3.00007 -4.02023
58 -4.86241 5.99999 -4.02053
#frame.nodes.aux
57 -4.86114 3.00007 -4.02023 -1.08833e-005 -1.36777e-005 -2.87666e-005
58 -4.86241 5.99999 -4.02053 -3.78971e-005 -2.89764e-005 8.29376e-006


#frame
1 -7.78 0 -6.14
2 -7.78577 2.99929 -6.14004
3 -7.79231 5.99901 -6.14013
4 -7.78 0 -1.66
5 -7.78578 2.99927 -1.6601
6 -7.79235 5.99897 -1.66019
7 -7.78 0 1.66
8 -7.78549 2.9993 1.65989
9 -7.79186 5.99902 1.65978
10 -7.78 0 6.14
11 -7.78504 2.99936 6.13989
12 -7.79091 5.9991 6.13977
13 -2.22 0 6.14
14 -2.22517 2.99986 6.13996
15 -2.23071 5.99982 6.13991
16 2.22 0 6.14
17 2.21485 3.00021 6.14008
18 2.20936 6.00028 6.14018
19 7.78 0 6.14
20 7.77501 3.00066 6.14029
21 7.76925 6.00092 6.14067
22 7.78 0 1.66
23 7.7746 3.00066 1.66029
24 7.76834 6.00092 1.66063
25 7.78 0 -1.66
26 7.77441 3.00063 -1.65973
27 7.76796 6.00087 -1.65941
28 7.78 0 -6.14
29 7.77437 3.0006 -6.13976
30 7.76791 6.00083 -6.13943
31 2.22 0 -6.14
32 2.21419 3.00019 -6.13996
33 2.20802 6.00024 -6.13991
34 -2.22 0 -6.14
35 -2.22587 2.99993 -6.14007
36 -2.23213 5.99991 -6.14017
37 -2.22 0 -1.66
38 -2.22585 2.99989 -1.66005
39 -2.2321 5.99986 -1.66012
40 2.22 0 -1.66
41 2.21423 3.00019 -1.65994
42 2.20807 6.00026 -1.65986
43 -2.22 0 1.66
44 -2.22561 2.99985 1.65995
45 -2.2316 5.99981 1.65989
46 2.22 0 1.7
47 2.21443 3.0002 1.70007
48 2.20847 6.00027 1.70016
49 -7.78588 2.99921 -4.02007
50 -7.79247 5.99892 -4.02015
51 -4.86588 2.99987 -1.66007
52 -4.87237 5.99968 -1.66018
53 -2.22592 2.99998 -4.02006
54 -2.23232 5.99994 -4.02016
55 -4.86589 2.9999 -6.14008
56 -4.87237 5.99974 -6.14016
57 -4.86592 2.99988 -4.02007
58 -4.87244 5.99967 -4.02017
#frame.nodes.aux
57 -4.86592 2.99988 -4.02007 -4.03664e-006 -2.30976e-006 -0.000162391
58 -4.87244 5.99967 -4.02017 -1.52376e-005 -1.50513e-006 4.97829e-006


#frame
1 -7.78 0 -6.14
2 -7.7711 3.00103 -6.13972
3 -7.76136 6.00141 -6.13933
4 -7.78 0 -1.66
5 -7.77125 3.00104 -1.65962
6 -7.76162 6.00143 -1.65922
7 -7.78 0 1.66
8 -7.77177 3.00101 1.66041
9 -7.76244 6.0014 1.66086
10 -7.78 0 6.14
11 -7.77248 3.001 6.14041
12 -7.76389 6.00139 6.14093
13 -2.22 0 6.14
14 -2.21228 3.0003 6.14011
15 -2.20412 6.0004 6.14028
16 2.22 0 6.14
17 2.22773 2.99975 6.13988
18 2.23591 5.99969 6.13975
19 7.78 0 6.14
20 7.78754 2.999 6.13963
21 7.79618 5.9986 6.13915
22 7.78 0 1.66
23 7.78819 2.99897 1.65964
24 7.79756 5.99856 1.6592
25 7.78 0 -1.66
26 7.78846 2.99901 -1.66033
27 7.79809 5.99862 -1.66074
28 7.78 0 -6.14
29 7.78848 2.99908 -6.1403
30 7.79808 5.99873 -6.14071
31 2.22 0 -6.14
32 2.22879 2.99976 -6.14009
33 2.23797 5.99969 -6.14021
34 -2.22 0 -6.14
35 -2.21101 3.00018 -6.13985
36 -2.2017 6.00024 -6.13966
37 -2.22 0 -1.66
38 -2.21115 3.00022 -1.65989
39 -2.20195 6.0003 -1.65972
40 2.22 0 -1.66
41 2.22871 2.99974 -1.66012
42 2.23784 5.99966 -1.66025
43 -2.22 0 1.66
44 -2.21159 3.00029 1.66012
45 -2.20275 6.00038 1.66028
46 2.22 0 1.7
47 2.2284 2.99973 1.69988
48 2.23725 5.99966 1.69975
49 -7.77099 3.00115 -4.01967
50 -7.76127 6.00152 -4.01928
51 -4.85108 3.00026 -1.65977
52 -4.84158 6.0005 -1.65946
53 -2.21096 3.00012 -4.01986
54 -2.20152 6.00021 -4.01967
55 -4.85093 3.00021 -6.13976
56 -4.8413 6.00044 -6.13949
57 -4.85093 3.00029 -4.01977
58 -4.84132 6.00054 -4.01948
#frame.nodes.aux
57 -4.85093 3.00029 -4.01977 2.37845e-006 3.45771e-005 0.000263437
58 -4.84132 6.00054 -4.01948 8.60776e-006 6.76407e-005 3.06178e-005


#frame
1 -7.78 0 -6.14
2 -7.78267 2.99966 -6.14005
3 -7.7857 5.99953 -6.14013
4 -7.78 0 -1.66
5 -7.78271 2.99965 -1.66007
6 -7.78578 5.99951 -1.66014
7 -7.78 0 1.66
8 -7.78265 2.99966 1.65993
9 -7.78571 5.99953 1.65986
10 -7.78 0 6.14
11 -7.78256 2.99968 6.13993
12 -7.78553 5.99955 6.13985
13 -2.22 0 6.14
14 -2.22263 2.99991 6.13994
15 -2.22544 5.99989 6.13986
16 2.22 0 6.14
17 2.21738 3.00009 6.13995
18 2.21458 6.00012 6.1399
19 7.78 0 6.14
20 7.77746 3.00031 6.13997
21 7.77452 6.00043 6.13994
22 7.78 0 1.66
23 7.7774 3.00031 1.65997
24 7.77441 6.00042 1.65994
25 7.78 0 -1.66
26 7.77738 3.00031 -1.66003
27 7.77439 6.00043 -1.66006
28 7.78 0 -6.14
29 7.77742 3.00032 -6.14002
30 7.77445 6.00044 -6.14006
31 2.22 0 -6.14
32 2.21732 3.00012 -6.14006
33 2.21446 6.00016 -6.14014
34 -2.22 0 -6.14
35 -2.22272 2.99997 -6.14008
36 -2.22562 5.99996 -6.14019
37 -2.22 0 -1.66
38 -2.22274 2.99994 -1.66007
39 -2.22567 5.99992 -1.66016
40 2.22 0 -1.66
41 2.21729 3.0001 -1.66005
42 2.21442 6.00013 -1.66012
43 -2.22 0 1.66
44 -2.22271 2.99991 1.65993
45 -2.22558 5.99989 1.65985
46 2.22 0 1.7
47 2.21731 3.00009 1.69995
48 2.21446 6.00011 1.69989
49 -7.78273 2.99961 -4.02006
50 -7.78579 5.99948 -4.02014
51 -4.86275 2.99991 -1.66007
52 -4.86578 5.99984 -1.66017
53 -2.22275 2.99998 -4.02008
54 -2.22573 5.99996 -4.02018
55 -4.86272 2.99993 -6.14008
56 -4.86573 5.99987 -6.14017
57 -4.86275 2.9999 -4.02008
58 -4.86578 5.99983 -4.02017
#frame.nodes.aux
57 -4.86275 2.9999 -4.02008 -2.76167e-006 4.59773e-006 -7.59214e-005
58 -4.86578 5.99983 -4.02017 -5.05573e-006 9.8178e-006 4.31891e-006


#frame
1 -7.78 0 -6.14
2 -7.78382 2.99955 -6.14022
3 -7.7881 5.99938 -6.14051
4 -7.78 0 -1.66
5 -7.78365 2.99955 -1.66026
6 -7.78775 5.99937 -1.66055
7 -7.78 0 1.66
8 -7.78335 2.99956 1.65973
9 -7.78723 5.99939 1.65943
10 -7.78 0 6.14
11 -7.78295 2.99958 6.13974
12 -7.78638 5.99941 6.13941
13 -2.22 0 6.14
14 -2.22303 2.99991 6.14
15 -2.22628 5.99989 6.14
16 2.22 0 6.14
17 2.21698 3.00015 6.14019
18 2.21374 6.00021 6.14046
19 7.78 0 6.14
20 7.77707 3.00046 6.14041
21 7.77366 6.00065 6.14095
22 7.78 0 1.66
23 7.7767 3.00044 1.66042
24 7.77287 6.0006 1.66093
25 7.78 0 -1.66
26 7.77648 3.00037 -1.65959
27 7.77243 6.00052 -1.65909
28 7.78 0 -6.14
29 7.7763 3.00033 -6.13961
30 7.77208 6.00046 -6.13908
31 2.22 0 -6.14
32 2.21617 3.00009 -6.13983
33 2.21212 6.00011 -6.1396
34 -2.22 0 -6.14
35 -2.22388 2.99991 -6.14003
36 -2.22799 5.99988 -6.14007
37 -2.22 0 -1.66
38 -2.22369 2.9999 -1.66001
39 -2.2276 5.99986 -1.66003
40 2.22 0 -1.66
41 2.21636 3.00011 -1.65981
42 2.21251 6.00014 -1.65958
43 -2.22 0 1.66
44 -2.22342 2.99989 1.65999
45 -2.22707 5.99986 1.65999
46 2.22 0 1.7
47 2.2166 3.00013 1.7002
48 2.21297 6.00018 1.70044
49 -7.78381 2.99949 -4.02025
50 -7.78803 5.99931 -4.02053
51 -4.86371 2.99988 -1.66013
52 -4.86776 5.99976 -1.66029
53 -2.22383 2.99994 -4.02003
54 -2.22793 5.99989 -4.02006
55 -4.8639 2.99989 -6.14014
56 -4.86814 5.99979 -6.14029
57 -4.86384 2.99985 -4.02014
58 -4.86801 5.99973 -4.02029
#frame.nodes.aux
57 -4.86384 2.99985 -4.02014 2.03788e-006 -4.14727e-005 -0.000113373
58 -4.86801 5.99973 -4.02029 -3.76221e-006 -8.68158e-005 -1.00712e-005


#frame
1 -7.78 0 -6.14
2 -7.77242 3.00085 -6.13968
3 -7.76402 6.00118 -6.13924
4 -7.78 0 -1.66
5 -7.77268 3.00087 -1.6596
6 -7.76454 6.0012 -1.65916
7 -7.78 0 1.66
8 -7.77324 3.00085 1.66042
9 -7.76551 6.00118 1.66089
10 -7.78 0 6.14
11 -7.77399 3.00082 6.14042
12 -7.76707 6.00114 6.14094
13 -2.22 0 6.14
14 -2.21383 3.00021 6.14003
15 -2.20726 6.00028 6.14008
16 2.22 0 6.14
17 2.22618 2.99973 6.13973
18 2.23276 5.99965 6.13937
19 7.78 0 6.14
20 7.78602 2.99911 6.13939
21 7.79296 5.99876 6.13859
22 7.78 0 1.66
23 7.78672 2.99912 1.65939
24 7.79443 5.99878 1.65865
25 7.78 0 -1.66
26 7.78707 2.9992 -1.66059
27 7.79516 5.99889 -1.66131
28 7.78 0 -6.14
29 7.78726 2.99927 -6.14056
30 7.79554 5.999 -6.1413
31 2.22 0 -6.14
32 2.22753 2.99982 -6.14025
33 2.23544 5.99977 -6.14059
34 -2.22 0 -6.14
35 -2.21232 3.00014 -6.13994
36 -2.2043 6.00017 -6.13988
37 -2.22 0 -1.66
38 -2.2126 3.00017 -1.65997
39 -2.20484 6.00022 -1.65992
40 2.22 0 -1.66
41 2.22729 2.9998 -1.66028
42 2.23497 5.99974 -1.66061
43 -2.22 0 1.66
44 -2.21309 3.00022 1.66003
45 -2.20578 6.00028 1.66008
46 2.22 0 1.7
47 2.22689 2.99976 1.69972
48 2.2342 5.99969 1.69938
49 -7.7724 3.00096 -4.01964
50 -7.76409 6.00128 -4.0192
51 -4.85254 3.00019 -1.6598
52 -4.84451 6.00038 -1.65954
53 -2.21236 3.00007 -4.01995
54 -2.2043 6.00013 -4.01989
55 -4.85227 3.00014 -6.13979
56 -4.84397 6.00031 -6.13956
57 -4.85235 3.0002 -4.0198
58 -4.84413 6.00039 -4.01955
#frame.nodes.aux
57 -4.85235 3.0002 -4.0198 2.01284e-006 6.01716e-005 0.000222723
58 -4.84413 6.00039 -4.01955 1.0495e-005 0.000125177 2.18624e-005


#frame
1 -7.78 0 -6.14
2 -7.78486 2.99942 -6.14012
3 -7.79018 5.9992 -6.14028
4 -7.78 0 -1.66
5 -7.78469 2.99943 -1.66017
6 -7.78986 5.99921 -1.66034
7 -7.78 0 1.66
8 -7.7843 2.99946 1.65981
9 -7.78918 5.99926 1.65962
10 -7.78 0 6.14
11 -7.78375 2.99951 6.13981
12 -7.78805 5.99932 6.1396
13 -2.22 0 6.14
14 -2.22385 2.99989 6.14004
15 -2.22794 5.99986 6.1401
16 2.22 0 6.14
17 2.21614 3.00018 6.14021
18 2.21206 6.00024 6.1405
19 7.78 0 6.14
20 7.77625 3.00055 6.14043
21 7.77194 6.00077 6.14099
22 7.78 0 1.66
23 7.77574 3.00054 1.66043
24 7.77091 6.00075 1.66095
25 7.78 0 -1.66
26 7.7755 3.00049 -1.65958
27 7.77039 6.00068 -1.65908
28 7.78 0 -6.14
29 7.77537 3.00045 -6.13961
30 7.77013 6.00062 -6.13909
31 2.22 0 -6.14
32 2.21519 3.0001 -6.1398
33 2.21018 6.00013 -6.13954
34 -2.22 0 -6.14
35 -2.22491 2.99988 -6.13997
36 -2.23 5.99983 -6.13992
37 -2.22 0 -1.66
38 -2.22474 2.99988 -1.65995
39 -2.22966 5.99985 -1.65989
40 2.22 0 -1.66
41 2.21534 3.00013 -1.65978
42 2.21049 6.00016 -1.65952
43 -2.22 0 1.66
44 -2.22439 2.99988 1.66004
45 -2.229 5.99984 1.6601
46 2.22 0 1.7
47 2.21563 3.00016 1.70022
48 2.21103 6.00021 1.70049
49 -7.78488 2.99937 -4.02014
50 -7.79015 5.99915 -4.02031
51 -4.86478 2.99987 -1.66005
52 -4.86988 5.99974 -1.66011
53 -2.22489 2.99993 -4.01996
54 -2.23001 5.99987 -4.01991
55 -4.86495 2.99987 -6.14005
56 -4.87021 5.99972 -6.14009
57 -4.8649 2.99985 -4.02005
58 -4.87012 5.99969 -4.0201
#frame.nodes.aux
57 -4.8649 2.99985 -4.02005 2.37113e-006 -3.57604e-005 -0.000143606
58 -4.87012 5.99969 -4.0201 4.7643e-006 -7.47002e-005 -1.29289e-005


#frame
1 -7.78 0 -6.14
2 -7.78214 2.99981 -6.1402
3 -7.78436 5.99975 -6.14048
4 -7.78 0 -1.66
5 -7.78211 2.99979 -1.66023
6 -7.78431 5.99971 -1.6605
7 -7.78 0 1.66
8 -7.78197 2.99976 1.65977
9 -7.78412 5.99967 1.65949
10 -7.78 0 6.14
11 -7.78185 2.99974 6.13977
12 -7.78388 5.99963 6.13947
13 -2.22 0 6.14
14 -2.22188 2.9999 6.13983
15 -2.2238 5.99987 6.1396
16 2.22 0 6.14
17 2.21812 3.00003 6.1399
18 2.21621 6.00004 6.13976
19 7.78 0 6.14
20 7.77816 3.00021 6.13998
21 7.77614 6.00029 6.13995
22 7.78 0 1.66
23 7.77805 3.00022 1.65997
24 7.77592 6.0003 1.65994
25 7.78 0 -1.66
26 7.77801 3.00022 -1.66003
27 7.77584 6.0003 -1.66007
28 7.78 0 -6.14
29 7.77801 3.00022 -6.14003
30 7.77584 6.00031 -6.14008
31 2.22 0 -6.14
32 2.21792 3.00009 -6.14011
33 2.21585 6.00012 -6.14026
34 -2.22 0 -6.14
35 -2.22215 3.00002 -6.14019
36 -2.22427 6.00003 -6.14043
37 -2.22 0 -1.66
38 -2.22212 2.99998 -1.66018
39 -2.22421 5.99998 -1.66041
40 2.22 0 -1.66
41 2.21795 3.00007 -1.6601
42 2.21588 6.0001 -1.66023
43 -2.22 0 1.66
44 -2.222 2.99993 1.65983
45 -2.22402 5.99991 1.6596
46 2.22 0 1.7
47 2.21801 3.00005 1.6999
48 2.21599 6.00007 1.69977
49 -7.78218 2.99977 -4.02022
50 -7.78439 5.9997 -4.02049
51 -4.86216 2.99998 -1.66021
52 -4.86431 5.99994 -1.66047
53 -2.22218 3.00002 -4.02019
54 -2.22432 6.00002 -4.02043
55 -4.86219 3.00003 -6.14021
56 -4.86437 6 -6.14047
57 -4.86219 3 -4.02021
58 -4.86437 5.99995 -4.02047
#frame.nodes.aux
57 -4.86219 3 -4.02021 -1.54401e-006 -7.03099e-006 -6.12638e-005
58 -4.86437 5.99995 -4.02047 -9.06954e-006 -1.26045e-005 -2.47998e-006


#frame
1 -7.78 0 -6.14
2 -7.77533 3.00055 -6.13972
3 -7.7699 6.00076 -6.13933
4 -7.78 0 -1.66
5 -7.77534 3.00059 -1.65967
6 -7.76992 6.00083 -1.65929
7 -7.78 0 1.66
8 -7.77555 3.0006 1.66034
9 -7.77032 6.00084 1.66074
10 -7.78 0 6.14
11 -7.77596 3.00059 6.14034
12 -7.77118 6.00083 6.14078
13 -2.22 0 6.14
14 -2.21584 3.0002 6.14022
15 -2.2113 6.00026 6.14052
16 2.22 0 6.14
17 2.22415 2.99988 6.14008
18 2.22867 5.99985 6.1402
19 7.78 0 6.14
20 7.78401 2.99945 6.13983
21 7.78877 5.99924 6.13963
22 7.78 0 1.66
23 7.78443 2.99943 1.65984
24 7.78963 5.9992 1.65966
25 7.78 0 -1.66
26 7.78459 2.99944 -1.66014
27 7.78998 5.99922 -1.66031
28 7.78 0 -6.14
29 7.78462 2.99946 -6.14013
30 7.79003 5.99924 -6.1403
31 2.22 0 -6.14
32 2.22477 2.99981 -6.1399
33 2.22994 5.99975 -6.13976
34 -2.22 0 -6.14
35 -2.21522 3.00005 -6.13974
36 -2.21 6.00006 -6.13941
37 -2.22 0 -1.66
38 -2.21526 3.00011 -1.65976
39 -2.21008 6.00015 -1.65945
40 2.22 0 -1.66
41 2.22473 2.99984 -1.65991
42 2.22986 5.99978 -1.6598
43 -2.22 0 1.66
44 -2.21544 3.00018 1.66023
45 -2.21049 6.00023 1.66053
46 2.22 0 1.7
47 2.22455 2.99986 1.70008
48 2.2295 5.99982 1.70019
49 -7.77526 3.00065 -4.0197
50 -7.7698 6.00087 -4.01931
51 -4.85527 3.00015 -1.65971
52 -4.8499 6.00028 -1.65934
53 -2.21522 3.00004 -4.01974
54 -2.2099 6.00008 -4.01941
55 -4.85523 3.00009 -6.1397
56 -4.84983 6.00018 -6.13934
57 -4.85522 3.00015 -4.01971
58 -4.84981 6.00027 -4.01934
#frame.nodes.aux
57 -4.85522 3.00015 -4.01971 3.36281e-006 9.31586e-006 0.000139374
58 -4.84981 6.00027 -4.01934 1.44651e-005 1.87672e-005 1.0711e-005


#frame
1 -7.78 0 -6.14
2 -7.78662 2.99927 -6.14035
3 -7.79382 5.999 -6.14083
4 -7.78 0 -1.66
5 -7.78644 2.99925 -1.66043
6 -7.79348 5.99896 -1.66091
7 -7.78 0 1.66
8 -7.78591 2.99925 1.65955
9 -7.79259 5.99896 1.65905
10 -7.78 0 6.14
11 -7.78523 2.99928 6.13956
12 -7.79118 5.99899 6.13901
13 -2.22 0 6.14
14 -2.22537 2.99978 6.1398
15 -2.23102 5.99971 6.13954
16 2.22 0 6.14
17 2.21462 3.00017 6.14
18 2.20897 6.00021 6.13998
19 7.78 0 6.14
20 7.77476 3.00068 6.14025
21 7.76879 6.00095 6.14055
22 7.78 0 1.66
23 7.77413 3.00073 1.66024
24 7.76746 6.00101 1.66051
25 7.78 0 -1.66
26 7.77384 3.00072 -1.65979
27 7.76685 6.00101 -1.65955
28 7.78 0 -6.14
29 7.77373 3.0007 -6.13982
30 7.76664 6.00098 -6.13958
31 2.22 0 -6.14
32 2.21349 3.00022 -6.14002
33 2.20672 6.00028 -6.14006
34 -2.22 0 -6.14
35 -2.22668 2.9999 -6.14022
36 -2.23355 5.99988 -6.1405
37 -2.22 0 -1.66
38 -2.22649 2.99986 -1.66019
39 -2.23321 5.99982 -1.66045
40 2.22 0 -1.66
41 2.21364 3.0002 -1.66
42 2.207 6.00026 -1.66002
43 -2.22 0 1.66
44 -2.22603 2.9998 1.6598
45 -2.23236 5.99974 1.65955
46 2.22 0 1.7
47 2.21398 3.00019 1.7
48 2.20767 6.00025 1.69999
49 -7.78668 2.99917 -4.02039
50 -7.79383 5.99889 -4.02087
51 -4.86657 2.99983 -1.6603
52 -4.87352 5.99967 -1.66069
53 -2.22669 2.99994 -4.02021
54 -2.23363 5.99988 -4.02049
55 -4.86675 2.99988 -6.1403
56 -4.87385 5.99972 -6.14067
57 -4.86671 2.99982 -4.0203
58 -4.87378 5.99964 -4.02068
#frame.nodes.aux
57 -4.86671 2.99982 -4.0203 -8.06498e-007 -3.75871e-005 -0.000189549
58 -4.87378 5.99964 -4.02068 -6.16955e-006 -7.45397e-005 -1.70237e-005


#frame
1 -7.78 0 -6.14
2 -7.77969 3.00003 -6.13991
3 -7.77919 6.00004 -6.1398
4 -7.78 0 -1.66
5 -7.7797 3.00004 -1.65991
6 -7.77922 6.00006 -1.6598
7 -7.78 0 1.66
8 -7.77971 3.00006 1.66009
9 -7.77927 6.00008 1.6602
10 -7.78 0 6.14
11 -7.77978 3.00006 6.14009
12 -7.77943 6.00009 6.14021
13 -2.22 0 6.14
14 -2.21976 3.00002 6.14006
15 -2.21944 6.00003 6.14013
16 2.22 0 6.14
17 2.22023 3 6.14005
18 2.22055 6 6.14011
19 7.78 0 6.14
20 7.78021 2.99998 6.14003
21 7.78054 5.99997 6.14007
22 7.78 0 1.66
23 7.78029 2.99997 1.66003
24 7.78071 5.99996 1.66007
25 7.78 0 -1.66
26 7.78034 2.99996 -1.65997
27 7.78082 5.99994 -1.65993
28 7.78 0 -6.14
29 7.78038 2.99994 -6.13997
30 7.78091 5.99991 -6.13992
31 2.22 0 -6.14
32 2.22038 2.99997 -6.13995
33 2.22088 5.99996 -6.13987
34 -2.22 0 -6.14
35 -2.21966 2.99999 -6.13994
36 -2.21916 5.99998 -6.13985
37 -2.22 0 -1.66
38 -2.21968 3 -1.65994
39 -2.21922 6 -1.65986
40 2.22 0 -1.66
41 2.22034 2.99998 -1.65995
42 2.2208 5.99997 -1.65988
43 -2.22 0 1.66
44 -2.2197 3.00002 1.66006
45 -2.21929 6.00002 1.66014
46 2.22 0 1.7
47 2.2203 2.99999 1.70005
48 2.2207 5.99999 1.70012
49 -7.7797 3.00004 -4.01991
50 -7.77919 6.00006 -4.0198
51 -4.8597 3 -1.65992
52 -4.85922 6.00001 -1.65982
53 -2.21968 2.99999 -4.01994
54 -2.21919 5.99999 -4.01985
55 -4.85968 2.99999 -6.13992
56 -4.85917 5.99998 -6.13982
57 -4.85969 2.99999 -4.01992
58 -4.85919 6 -4.01982
#frame.nodes.aux
57 -4.85969 2.99999 -4.01992 -3.07112e-008 4.84257e-006 1.28442e-005
58 -4.85919 6 -4.01982 5.31337e-006 1.04939e-005 1.27945e-006


#frame
1 -7.78 0 -6.14
2 -7.77664 3.00042 -6.13994
3 -7.77275 6.00058 -6.13985
4 -7.78 0 -1.66
5 -7.77664 3.00043 -1.65991
6 -7.77274 6.0006 -1.65981
7 -7.78 0 1.66
8 -7.77678 3.00042 1.6601
9 -7.773 6.00059 1.66022
10 -7.78 0 6.14
11 -7.77705 3.0004 6.14011
12 -7.77357 6.00056 6.14024
13 -2.22 0 6.14
14 -2.21696 3.0001 6.14005
15 -2.21367 6.00014 6.14011
16 2.22 0 6.14
17 2.22303 2.99989 6.13997
18 2.22632 5.99985 6.13993
19 7.78 0 6.14
20 7.78294 2.9996 6.13984
21 7.7864 5.99944 6.13963
22 7.78 0 1.66
23 7.78321 2.9996 1.65984
24 7.78698 5.99944 1.65966
25 7.78 0 -1.66
26 7.78331 2.99961 -1.66014
27 7.7872 5.99945 -1.66031
28 7.78 0 -6.14
29 7.7833 2.99962 -6.14013
30 7.78717 5.99947 -6.14029
31 2.22 0 -6.14
32 2.22341 2.99989 -6.14002
33 2.2271 5.99986 -6.14003
34 -2.22 0 -6.14
35 -2.21657 3.00006 -6.13994
36 -2.21284 6.00008 -6.13986
37 -2.22 0 -1.66
38 -2.21658 3.00008 -1.65995
39 -2.21285 6.00011 -1.65988
40 2.22 0 -1.66
41 2.22341 2.9999 -1.66002
42 2.2271 5.99987 -1.66005
43 -2.22 0 1.66
44 -2.2167 3.00011 1.66005
45 -2.21312 6.00014 1.66011
46 2.22 0 1.7
47 2.2233 2.99989 1.69997
48 2.22687 5.99986 1.69994
49 -7.77659 3.00047 -4.01993
50 -7.77266 6.00063 -4.01983
51 -4.85658 3.0001 -1.65993
52 -4.85272 6.00019 -1.65984
53 -2.21656 3.00003 -4.01994
54 -2.21274 6.00007 -4.01986
55 -4.85657 3.00008 -6.13993
56 -4.85271 6.00017 -6.13984
57 -4.85656 3.0001 -4.01993
58 -4.85267 6.00021 -4.01984
#frame.nodes.aux
57 -4.85656 3.0001 -4.01993 2.13604e-006 2.8583e-006 0.00010035
58 -4.85267 6.00021 -4.01984 3.48275e-006 5.21493e-006 7.23857e-006


#frame
1 -7.78 0 -6.14
2 -7.78627 2.99928 -6.14021
3 -7.7931 5.99901 -6.14052
4 -7.78 0 -1.66
5 -7.78613 2.99928 -1.66029
6 -7.79285 5.999 -1.66059
7 -7.78 0 1.66
8 -7.78568 2.9993 1.6597
9 -7.79211 5.99903 1.65937
10 -7.78 0 6.14
11 -7.7851 2.99932 6.1397
12 -7.79093 5.99906 6.13933
13 -2.22 0 6.14
14 -2.22524 2.9998 6.13991
15 -2.23077 5.99974 6.13978
16 2.22 0 6.14
17 2.21475 3.00017 6.14004
18 2.20922 6.00022 6.14008
19 7.78 0 6.14
20 7.77489 3.00065 6.1402
21 7.76906 6.0009 6.14044
22 7.78 0 1.66
23 7.77437 3.00069 1.66019
24 7.76798 6.00095 1.66041
25 7.78 0 -1.66
26 7.77413 3.00068 -1.65983
27 7.76748 6.00095 -1.65963
28 7.78 0 -6.14
29 7.77404 3.00067 -6.13985
30 7.76732 6.00092 -6.13966
31 2.22 0 -6.14
32 2.21382 3.0002 -6.13998
33 2.20739 6.00026 -6.13997
34 -2.22 0 -6.14
35 -2.22633 2.99989 -6.14011
36 -2.23285 5.99986 -6.14026
37 -2.22 0 -1.66
38 -2.22618 2.99986 -1.66009
39 -2.23258 5.99982 -1.66022
40 2.22 0 -1.66
41 2.21394 3.0002 -1.65996
42 2.20762 6.00026 -1.65993
43 -2.22 0 1.66
44 -2.2258 2.99982 1.65991
45 -2.23188 5.99976 1.65978
46 2.22 0 1.7
47 2.21422 3.0002 1.70004
48 2.20816 6.00025 1.70008
49 -7.78633 2.9992 -4.02025
50 -7.79314 5.99893 -4.02055
51 -4.86625 2.99984 -1.66017
52 -4.87287 5.99967 -1.6604
53 -2.22635 2.99994 -4.0201
54 -2.23296 5.99988 -4.02024
55 -4.86639 2.99987 -6.14018
56 -4.87314 5.9997 -6.14038
57 -4.86637 2.99982 -4.02018
58 -4.87309 5.99964 -4.02039
#frame.nodes.aux
57 -4.86637 2.99982 -4.02018 -1.50788e-008 -3.02282e-005 -0.000181936
58 -4.87309 5.99964 -4.02039 -3.6288e-006 -5.92691e-005 -1.37206e-005


#frame
1 -7.78 0 -6.14
2 -7.77859 3.0002 -6.13995
3 -7.77676 6.00029 -6.13988
4 -7.78 0 -1.66
5 -7.77852 3.00022 -1.65994
6 -7.77664 6.00031 -1.65986
7 -7.78 0 1.66
8 -7.7785 3.00021 1.66008
9 -7.77666 6.00029 1.66017
10 -7.78 0 6.14
11 -7.77864 3.0002 6.14009
12 -7.77694 6.00028 6.14019
13 -2.22 0 6.14
14 -2.21859 3.00007 6.14007
15 -2.21696 6.00009 6.14017
16 2.22 0 6.14
17 2.22141 2.99997 6.14007
18 2.22304 5.99996 6.14015
19 7.78 0 6.14
20 7.78136 2.99983 6.14005
21 7.78307 5.99975 6.14013
22 7.78 0 1.66
23 7.7815 2.9998 1.66006
24 7.78336 5.99972 1.66013
25 7.78 0 -1.66
26 7.78153 2.99979 -1.65993
27 7.78342 5.9997 -1.65985
28 7.78 0 -6.14
29 7.78147 2.99979 -6.13993
30 7.78329 5.9997 -6.13983
31 2.22 0 -6.14
32 2.22151 2.99993 -6.13993
33 2.22325 5.99991 -6.13983
34 -2.22 0 -6.14
35 -2.21853 3.00002 -6.13991
36 -2.21676 6.00003 -6.1398
37 -2.22 0 -1.66
38 -2.21847 3.00005 -1.65992
39 -2.21666 6.00007 -1.65981
40 2.22 0 -1.66
41 2.22156 2.99995 -1.65993
42 2.22336 5.99993 -1.65984
43 -2.22 0 1.66
44 -2.21845 3.00007 1.66008
45 -2.21669 6.00009 1.66018
46 2.22 0 1.7
47 2.22155 2.99996 1.70007
48 2.22331 5.99995 1.70015
49 -7.77855 3.00024 -4.01994
50 -7.77667 6.00033 -4.01987
51 -4.85851 3.00007 -1.65992
52 -4.85663 6.00012 -1.65982
53 -2.21852 3.00002 -4.01991
54 -2.21668 6.00004 -4.0198
55 -4.85856 3.00005 -6.13992
56 -4.85672 6.00008 -6.13982
57 -4.85853 3.00008 -4.01992
58 -4.85666 6.00012 -4.01983
#frame.nodes.aux
57 -4.85853 3.00008 -4.01992 1.98841e-006 -8.54348e-006 4.2706e-005
58 -4.85666 6.00012 -4.01983 6.72452e-006 -1.63397e-005 2.20555e-006


#frame
1 -7.78 0 -6.14
2 -7.77992 3.00007 -6.14005
3 -7.77949 6.00011 -6.14012
4 -7.78 0 -1.66
5 -7.77986 3.00007 -1.66005
6 -7.77938 6.0001 -1.66011
7 -7.78 0 1.66
8 -7.77976 3.00006 1.65996
9 -7.77927 6.00009 1.65992
10 -7.78 0 6.14
11 -7.77979 3.00005 6.13998
12 -7.77938 6.00007 6.13994
13 -2.22 0 6.14
14 -2.21977 3 6.13995
15 -2.21936 6 6.13987
16 2.22 0 6.14
17 2.22023 2.99996 6.1399
18 2.22063 5.99995 6.13977
19 7.78 0 6.14
20 7.7802 2.99991 6.13986
21 7.78062 5.99987 6.13967
22 7.78 0 1.66
23 7.78027 2.99992 1.65986
24 7.78079 5.99988 1.65969
25 7.78 0 -1.66
26 7.78027 2.99995 -1.66013
27 7.7808 5.99992 -1.6603
28 7.78 0 -6.14
29 7.78022 2.99998 -6.14013
30 7.78068 5.99997 -6.1403
31 2.22 0 -6.14
32 2.22022 3.00002 -6.14009
33 2.22066 6.00002 -6.14021
34 -2.22 0 -6.14
35 -2.21986 3.00004 -6.14004
36 -2.21942 6.00005 -6.1401
37 -2.22 0 -1.66
38 -2.21981 3.00003 -1.66004
39 -2.21933 6.00005 -1.6601
40 2.22 0 -1.66
41 2.22027 3 -1.66009
42 2.22076 6 -1.66021
43 -2.22 0 1.66
44 -2.21972 3.00002 1.65995
45 -2.21925 6.00003 1.65988
46 2.22 0 1.7
47 2.22029 2.99998 1.69991
48 2.22077 5.99997 1.69978
49 -7.77992 3.00008 -4.02005
50 -7.77944 6.00011 -4.02012
51 -4.85987 3.00005 -1.66004
52 -4.85938 6.00006 -1.6601
53 -2.21988 3.00003 -4.02004
54 -2.21941 6.00005 -4.02009
55 -4.85991 3.00006 -6.14004
56 -4.85945 6.00006 -6.14009
57 -4.8599 3.00006 -4.02004
58 -4.85942 6.00006 -4.0201
#frame.nodes.aux
57 -4.8599 3.00006 -4.02004 1.615e-007 -6.1405e-006 8.73283e-006
58 -4.85942 6.00006 -4.0201 1.45208e-006 -1.10702e-005 3.86683e-006


#frame
1 -7.78 0 -6.14
2 -7.78667 2.99924 -6.1402
3 -7.79382 5.99895 -6.14047
4 -7.78 0 -1.66
5 -7.7864 2.99925 -1.66028
6 -7.79332 5.99896 -1.66055
7 -7.78 0 1.66
8 -7.78582 2.99929 1.65971
9 -7.79235 5.99902 1.65941
10 -7.78 0 6.14
11 -7.78516 2.99934 6.13972
12 -7.79097 5.99908 6.13939
13 -2.22 0 6.14
14 -2.22529 2.99984 6.14001
15 -2.23081 5.9998 6.14003
16 2.22 0 6.14
17 2.2147 3.00021 6.14019
18 2.20918 6.00028 6.14045
19 7.78 0 6.14
20 7.77482 3.0007 6.14039
21 7.769 6.00098 6.1409
22 7.78 0 1.66
23 7.77424 3.00072 1.66039
24 7.76776 6.00099 1.66087
25 7.78 0 -1.66
26 7.77392 3.00068 -1.65962
27 7.7671 6.00094 -1.65917
28 7.78 0 -6.14
29 7.77373 3.00065 -6.13965
30 7.76671 6.00089 -6.13919
31 2.22 0 -6.14
32 2.21349 3.00017 -6.13983
33 2.20678 6.00021 -6.13959
34 -2.22 0 -6.14
35 -2.2267 2.99986 -6.14
36 -2.23351 5.99981 -6.13998
37 -2.22 0 -1.66
38 -2.22644 2.99986 -1.65997
39 -2.23302 5.99981 -1.65995
40 2.22 0 -1.66
41 2.21372 3.00018 -1.6598
42 2.20723 6.00024 -1.65956
43 -2.22 0 1.66
44 -2.22593 2.99983 1.66002
45 -2.2321 5.99979 1.66004
46 2.22 0 1.7
47 2.21409 3.00021 1.7002
48 2.20794 6.00027 1.70044
49 -7.7867 2.99916 -4.02024
50 -7.79376 5.99887 -4.02051
51 -4.86654 2.99984 -1.6601
52 -4.87335 5.99966 -1.66023
53 -2.2267 2.99993 -4.01998
54 -2.23354 5.99986 -4.01996
55 -4.86679 2.99984 -6.14011
56 -4.87384 5.99966 -6.14021
57 -4.86673 2.99981 -4.0201
58 -4.87369 5.99961 -4.02022
#frame.nodes.aux
57 -4.86673 2.99981 -4.0201 2.01329e-006 -5.30933e-005 -0.000187659
58 -4.87369 5.99961 -4.02022 7.49717e-007 -0.000106414 -1.37191e-005


#frame
1 -7.78 0 -6.14
2 -7.77697 3.0004 -6.13998
3 -7.77345 6.00055 -6.13995
4 -7.78 0 -1.66
5 -7.77702 3.00039 -1.65995
6 -7.77353 6.00054 -1.6599
7 -7.78 0 1.66
8 -7.77719 3.00036 1.66007
9 -7.77385 6.00051 1.66015
10 -7.78 0 6.14
11 -7.77752 3.00033 6.14008
12 -7.77457 6.00047 6.14018
13 -2.22 0 6.14
14 -2.21744 3.00008 6.13996
15 -2.21464 6.0001 6.13989
16 2.22 0 6.14
17 2.22256 2.99988 6.13987
18 2.22536 5.99984 6.13969
19 7.78 0 6.14
20 7.78247 2.99963 6.13976
21 7.78543 5.99948 6.13944
22 7.78 0 1.66
23 7.78281 2.99963 1.65976
24 7.78614 5.99949 1.65948
25 7.78 0 -1.66
26 7.78296 2.99966 -1.66022
27 7.78644 5.99953 -1.6605
28 7.78 0 -6.14
29 7.78298 2.99968 -6.14021
30 7.78649 5.99955 -6.14048
31 2.22 0 -6.14
32 2.22308 2.99993 -6.14012
33 2.22643 5.99991 -6.14028
34 -2.22 0 -6.14
35 -2.21691 3.00009 -6.14003
36 -2.21352 6.00012 -6.14008
37 -2.22 0 -1.66
38 -2.21696 3.00009 -1.66005
39 -2.21363 6.00012 -1.6601
40 2.22 0 -1.66
41 2.22304 2.99991 -1.66013
42 2.22634 5.99989 -1.66029
43 -2.22 0 1.66
44 -2.21711 3.00009 1.65996
45 -2.21396 6.00012 1.6599
46 2.22 0 1.7
47 2.22289 2.99989 1.69986
48 2.22604 5.99986 1.6997
49 -7.77695 3.00043 -4.01997
50 -7.77341 6.00058 -4.01993
51 -4.85697 3.0001 -1.66
52 -4.85351 6.00019 -1.66
53 -2.21692 3.00005 -4.02004
54 -2.21348 6.0001 -4.02008
55 -4.85692 3.00011 -6.14
56 -4.85341 6.0002 -6.14001
57 -4.85693 3.00011 -4.02
58 -4.85342 6.00022 -4.02001
#frame.nodes.aux
57 -4.85693 3.00011 -4.02 -1.44415e-006 1.24653e-005 9.38882e-005
58 -4.85342 6.00022 -4.02001 -4.19394e-008 2.62781e-005 1.01814e-005


#frame
1 -7.78 0 -6.14
2 -7.78073 2.99992 -6.13997
3 -7.78137 5.99989 -6.13992
4 -7.78 0 -1.66
5 -7.78064 2.99994 -1.65998
6 -7.7812 5.99992 -1.65993
7 -7.78 0 1.66
8 -7.78051 2.99996 1.66003
9 -7.78099 5.99994 1.66007
10 -7.78 0 6.14
11 -7.78042 2.99998 6.14003
12 -7.78081 5.99997 6.14008
13 -2.22 0 6.14
14 -2.22042 3.00001 6.14009
15 -2.2208 6.00002 6.14022
16 2.22 0 6.14
17 2.21957 3.00004 6.1401
18 2.21919 6.00005 6.14024
19 7.78 0 6.14
20 7.77957 3.00007 6.1401
21 7.77917 6.00009 6.14023
22 7.78 0 1.66
23 7.77951 3.00006 1.66011
24 7.77906 6.00008 1.66023
25 7.78 0 -1.66
26 7.77946 3.00004 -1.65989
27 7.77895 6.00006 -1.65976
28 7.78 0 -6.14
29 7.77938 3.00003 -6.13989
30 7.77879 6.00004 -6.13975
31 2.22 0 -6.14
32 2.21935 2.99999 -6.1399
33 2.21878 5.99999 -6.13975
34 -2.22 0 -6.14
35 -2.22071 2.99996 -6.1399
36 -2.2213 5.99995 -6.13977
37 -2.22 0 -1.66
38 -2.22063 2.99999 -1.6599
39 -2.22114 5.99998 -1.65977
40 2.22 0 -1.66
41 2.21943 3.00001 -1.65989
42 2.21893 6.00001 -1.65975
43 -2.22 0 1.66
44 -2.22051 3 1.6601
45 -2.22095 6.00001 1.66022
46 2.22 0 1.7
47 2.2195 3.00003 1.70011
48 2.21906 6.00004 1.70024
49 -7.78072 2.99992 -4.01997
50 -7.78131 5.9999 -4.01992
51 -4.86066 2.99999 -1.65993
52 -4.8612 5.99998 -1.65983
53 -2.2207 2.99999 -4.0199
54 -2.22127 5.99998 -4.01976
55 -4.86074 2.99997 -6.13993
56 -4.86135 5.99994 -6.13983
57 -4.86072 2.99997 -4.01993
58 -4.86129 5.99996 -4.01983
#frame.nodes.aux
57 -4.86072 2.99997 -4.01993 2.54297e-006 -1.57153e-005 -1.74788e-005
58 -4.86129 5.99996 -4.01983 5.36006e-006 -3.15754e-005 -1.60179e-006


